ParticleDesc:
  ParticleName : GoldPotShining
  SpawnRange: (0.500000, 0.500000, 0.500000)
  MinScale: 0.050000, MaxScale: 0.100000
  LifeTimeMin: 1.000000, LifeTimeMax: 3.000000
  EmissionShape: 1
  NumInstance: 30
  isLoop: 1
  Alpha: 1.000000
  Center: (0.000000, 0.000000, 0.000000) 
  Pivot: (0.000000, 0.000000, 0.000000)
  MinSpeed: 1.000000, MaxSpeed: 2.000000
