ParticleDesc:
  ParticleName : MissileSmoke
  SpawnRange: (0.200000, 0.200000, 0.200000)
  MinScale: 9.000000, MaxScale: 10.000000
  LifeTimeMin: 1.000000, LifeTimeMax: 2.000000
  EmissionShape: 1
  NumInstance: 500
  isLoop: 1
  Alpha: 1.000000
  Center: (0.000000, 0.000000, 0.000000) 
  Pivot: (0.000000, 0.000000, 1.000000)
  MinSpeed: 10.000000, MaxSpeed: 21.299999
