ParticleDesc:
  ParticleName : Smoke
  SpawnRange: (0.500000, 0.300000, 0.500000)
  MinScale: 0.001000, MaxScale: 0.140000
  LifeTimeMin: 0.200000, LifeTimeMax: 0.500000
  EmissionShape: 1
  NumInstance: 100
  isLoop: 1
  Alpha: 4.300000
  Center: (0.000000, 0.000000, 0.000000) 
  Pivot: (0.000000, 0.000000, 1.000000)
  MinSpeed: 3.950000, MaxSpeed: 7.200000
