ParticleDesc:
  ParticleName : Spark
  SpawnRange: (1.000000, 1.000000, 1.000000)
  MinScale: 0.200000, MaxScale: 0.500000
  LifeTimeMin: 0.100000, LifeTimeMax: 0.500000
  EmissionShape: 1
  NumInstance: 300
  isLoop: 0
  Alpha: 10.000000
  Center: (0.000000, 0.000000, 0.000000) 
  Pivot: (0.000000, 0.000000, 0.000000)
  MinSpeed: 30.000000, MaxSpeed: 10.000000
